0 478 88 41 123 
1 478 86 42 125 
2 479 85 42 126 
3 
4 480 85 41 125 
5 480 84 42 127 
6 480 85 43 125 
7 480 83 46 127 
8 480 83 46 125 
9 479 82 49 128 
10 475 84 54 126 
11 475 84 53 126 
12 476 85 52 124 
13 476 84 50 126 
14 477 82 48 128 
15 478 82 46 129 
16 478 83 45 127 
17 479 84 43 125 
18 479 84 43 126 
19 479 84 42 126 
20 479 85 42 124 
21 480 86 40 122 
22 480 85 41 123 
23 479 85 41 123 
24 
25 
26 
27 
28 
29 
30 
31 
32 
33 
34 
35 
36 
37 
38 478 87 42 121 
39 
40 
41 
42 
43 
44 
45 
46 
47 
48 
49 
50 
51 
52 
53 
54 
55 
56 
57 
58 
59 
60 
61 
62 
63 
64 
65 
66 
67 
68 
69 
70 
71 
72 
73 
74 
75 
76 
77 
78 
79 
80 
81 
82 
83 
84 
85 
86 
87 
88 
89 
90 
91 
92 
93 
94 
95 
96 
97 475 87 45 129 
98 
99 475 90 47 126 
100 475 90 46 124 
101 475 87 44 128 
102 475 87 44 128 
103 475 88 44 127 
104 476 89 42 128 
105 477 90 44 127 
106 476 89 45 127 
107 477 90 46 129 
108 
109 
110 
111 
112 476 89 50 133 
113 
114 
115 
116 477 89 49 135 
117 
118 
119 
120 
121 
122 
123 
124 
125 
126 
127 
128 
129 
130 
131 
132 
133 
